ret1     float64
ret2     float64
ret3     float64
ret4     float64
ret11    float64
ret14    float64
hour       int64
day        int64
dtype: object
0.001384391395031992
1.0139666883901555e-12
0.02670531883305216
7.575051697017443e-13
0.00047957506869389377
5.025979632478084e-13
0.012707419795665365
2.789435349370706e-12
0.0011553173728253707
2.220446049250313e-16
0.0015550682400776727
9.513501098012966e-13
0.032035184790348614
5.587752482938413e-13
0.0004951894126608014
4.3243186809149847e-13
0.012751797451488911
3.3403280141897085e-12
0.0011699981924373493
3.3306690738754696e-16
0.0015212077001754976
9.933165401321276e-13
0.03518768322457788
6.254996520738132e-13
0.0004041341131394427
5.181410855925606e-13
0.012305521373769723
3.2772673463909996e-12
0.0011694731683831172
3.3306690738754696e-16
0.0016219333040330408
1.1157741397482823e-12
0.02942588049744621
6.851186284961841e-13
0.0004810034826560061
5.554445792199658e-13
0.011148013792907197
3.805511461507649e-12
0.001205962437165753
3.3306690738754696e-16
0.0015173854065622105
9.632294961647858e-13
0.030689194105391282
5.168088179630104e-13
0.00043194012022251815
4.0456527017340704e-13
0.011744730525792058
3.734901277141489e-12
0.001261611133576812
3.3306690738754696e-16
0.0014899464567441623
1.038835684141759e-12
0.0327475529122766
6.014078124394473e-13
0.00046129554653251414
5.863087793045452e-13
0.011025993369651377
3.707478768433248e-12
0.0012315969678502459
3.3306690738754696e-16
0.0013310736813539892
8.6897156137411e-13
0.036123296730200205
6.10178574333986e-13
0.00045595804176257193
4.468647674116255e-13
0.010425090745485144
2.8920199568460703e-12
0.001188270150996873
3.3306690738754696e-16
0.0013369491290010638
8.364420267525929e-13
0.0302061935771889
6.306066779870889e-13
0.00041935222878763945
3.6060043839825084e-13
0.011731827874325806
3.400280057519467e-12
0.0012391728832468196
3.3306690738754696e-16
0.0012755542724529612
8.72635297355373e-13
0.03115935461016095
7.392975120978917e-13
0.0004792973141661827
4.070077608275824e-13
0.010064855844495013
3.3738567495333882e-12
0.0013608996170747512
3.3306690738754696e-16
0.0012756030622319559
9.063860773039778e-13
0.029308192433900593
5.465627950229646e-13
0.00041518392638528745
6.34936547783127e-13
0.01053261891381152
3.1750158058230227e-12
0.0011810852122851045
3.3306690738754696e-16
0.0014883559353702225
7.2686301422209e-13
0.037390105177772526
5.856426454897701e-13
0.0004446930341313049
5.193623309196482e-13
0.010396842191713662
2.266964393982107e-12
0.0010940030946126056
3.3306690738754696e-16
0.0014065184583531565
1.074140776324839e-12
0.028850583231118
8.054668043655511e-13
0.00045251194588047383
4.4142467459096224e-13
0.010394869435481069
3.895661571107212e-12
0.001129733549240064
3.3306690738754696e-16
0.002499100042167801
6.331601909437268e-13
0.03058939871883337
8.458789224619068e-13
0.00044766698368903235
5.965228311310966e-13
0.00926209095003594
1.901145907368118e-12
0.001359411074603134
2.220446049250313e-16
0.0014331530561664252
9.519052213136092e-13
0.02891556616670843
5.165867733580853e-13
0.00039966861816065347
5.740963260336684e-13
0.010686335253230594
3.4906522117239547e-12
0.0010504598824502276
2.220446049250313e-16
0.0023088149084297127
3.331779296900095e-13
0.0336876726342793
4.426459199180499e-13
0.00033777508503873843
9.32476318382669e-13
0.010360468688116464
1.7599255386357981e-12
0.0012253659159842112
4.440892098500626e-16
0.0012268260821974852
8.771872117563362e-13
0.03460971309549732
6.724620860154573e-13
0.00045469756777838377
5.936362512670712e-13
0.010950471583528798
3.1008529077780622e-12
0.0011633283603735833
2.220446049250313e-16
0.004600635875532388
1.1372014441235478e-12
0.04768731400090487
1.432631790976302e-12
0.0005042354760559364
1.7708057242771247e-12
0.007595011686050923
3.223754596604067e-12
0.0014326315384016741
2.6645352591003757e-15
0.0015234698152017945
6.550315845288424e-13
0.02918428860342659
6.880052083602095e-13
0.0004374868018033329
4.869438186005937e-13
0.008335551334923808
2.8569369092679153e-12
0.0011698527491011967
2.220446049250313e-16
0.0050011240486727004
3.3771874186072637e-12
0.040304479774782354
4.526268249094301e-12
0.0005319730513537735
4.600209102534336e-12
0.015077421039278338
7.640554855470327e-13
0.0019503513175226361
1.887379141862766e-15
0.0017059349374702881
5.224709553885987e-13
0.031620696482036914
3.0964120156795616e-13
0.00043170070926523696
3.7914116290949096e-13
0.009975524799640145
1.8911539001464917e-12
0.000967543521168901
2.220446049250313e-16
0.006317438394086161
3.111955138024314e-13
0.024195225884734106
2.5779378631796135e-13
0.0013984853846761292
4.520162022458862e-12
0.016153907214465746
8.770761894538737e-14
0.005902840575729984
9.126033262418787e-14
0.0018391216305694291
1.9630963521422018e-12
0.03131844763892877
2.460254222569347e-13
0.0004875014804242017
6.113998196610737e-13
0.010316684219368044
1.0655920590352252e-12
0.0012521816123344243
2.220446049250313e-16
0.0018740155667364977
7.100986465502501e-12
0.0013300247464090864
2.4980018054066022e-14
0.011234074938403005
9.692247004977617e-14
0.00419525184709435
3.382849556032852e-13
0.0013764498899394573
1.099120794378905e-14
0.0028239314346760747
1.043165553937797e-12
0.03897040091102166
7.072120666862247e-14
0.0004153043804477896
1.1382006448457105e-12
0.010965843684592524
3.744782262060653e-13
0.0006750012248561976
7.771561172376096e-16
0.013331031842097385
1.8670065493608945e-11
0.0011799183793493873
5.2087223423313844e-12
0.0005787654207884962
3.966049710868447e-12
0.00023728645448606311
1.6656787060753686e-11
0.0010987464316323248
1.88049575911009e-12
0.0029327296881830334
6.73683331342545e-13
0.03086083059400968
1.588729148238599e-13
0.000736248975423015
3.831379657981415e-13
0.016229982977346236
1.2023715356690445e-13
0.0014525733683079523
5.551115123125783e-16
0.14784989889700917
3.021770813460556e-06
0.07046749447140743
1.4088684607838076e-07
0.002587422831029307
0.00023607110426426825
0.06598316195031395
3.9117426775536757e-07
0.002345387104082275
2.8258988349794123e-05
0.0008590737273571625
1.1035616864774056e-13
0.012252389570612032
2.665645482125001e-13
0.000511004667672843
2.1094237467877974e-14
0.03973030367110941
1.7763568394002505e-15
0.0010248740110135879
8.881784197001252e-15
0.23884710380404328
1.749496275571527e-05
0.028245095031521172
7.206157587980044e-05
0.05566069744285562
1.7664684159868216e-09
0.8156569448882923
3.576034574015452e-07
3.979499398321096e-05
4.830802424748981e-11
0.0014070998981844385
3.516076318987871e-13
0.007375357822175466
1.9317880628477724e-14
0.0036012622132004513
6.439293542825908e-15
0.04726607011005801
1.6986412276764895e-14
0.0008326950902608488
6.661338147750939e-16
0
0
0
0
0
0
0
0
0
0
0.0011716083522620435
2.557620781828973e-12
0.011217413154899436
1.3304912727107876e-12
0.0003676385076283317
2.0650148258027912e-14
0.10147882623149895
2.082889416499256e-12
0.004178767101620018
1.1102230246251565e-15
0
0
0
0
0
0
0
0
0
0
0.005284072844232157
6.944458896818162e-09
0.0006529282476793741
8.013842867082843e-08
0.01842044731039716
8.906490100990538e-09
0.03697283965219034
7.872535956465754e-11
0.01931946226055692
1.666133897515465e-11
0
0
0
0
0
0
0
0
0
0
0.02483768297693978
4.30787103766761e-08
0.0002955490268816696
1.246531322607325e-09
0.0008499554437777501
2.4284534660967694e-07
0.017924919385978844
2.119952141610426e-07
0.052394302792003966
1.74909261518863e-08
0
0
0
0
0
0
0
0
0
0
0.010883132281618302
3.26226625713133e-08
0.0009885659736647012
3.1859651583587834e-09
0.0008937039025581628
2.4366949846754693e-07
0.04226323864994164
1.8932561030027273e-07
0.018925254097779454
2.7433757709971474e-08
0
0
0
0
0
0
0
0
0
0
0.07428727481236397
2.5801786807111426e-07
0.002462842541870569
1.4386951180389573e-06
0.009556583960207421
4.684041287061902e-07
0.037828818661883035
3.187377475288855e-07
0.029633901238690474
1.318532155680785e-07
Best parameters : {'logistic__C': 0.037926901907322536, 'logistic__penalty': 'l1'}
Best cross-validation score : 10.59
In-sample: CAGR=0.0209716 Sharpe ratio=0.826841 maxDD=-0.0618808 maxDDD=1116 Calmar ratio=0.338903

Out-of-sample: CAGR=0.0434491 Sharpe ratio=1.32996 maxDD=-0.032429 maxDDD=202 Calmar ratio=1.33982  phi_k_corr=0.138844 phi_k_p_val=3.58995e-05  accuracy_score=0.548

Ljung-Box test p-value [3.17785651e-43]
