0.014565689915747804
1.4046811491752464e-09
0.07781784316139984
6.87814249999974e-11
0.025819411305029405
8.485647740030799e-10
0.009141961740374405
5.185368689986092e-09
0.0011304799599317628
9.596177186210753e-10
0.025052897518597184
1.6564627447479552e-10
0.05472353994261092
1.7396084572851578e-12
0.004774879041490543
2.954554378931107e-10
0.0044068545327555775
9.658940314238862e-14
0.0013214276126748414
1.5938250719216285e-11
0.013266490038373324
1.1366999563833247e-09
0.07261364314504237
7.029832271854275e-11
0.025507382645566512
7.316651728928036e-10
0.00863417626266827
5.2805183559101465e-09
0.0036955654137965643
8.671552365058233e-11
0
0
0
0
0
0
0
0
0
0
0.015212041709199986
1.050784903533497e-09
0.14155571177766313
3.68816088780477e-13
0.02075893420000896
3.352380595345039e-09
0.009696543094825039
5.6238126378005404e-09
0.003378936407707922
6.128164642404954e-11
0.005264063780299422
0.0
0.008928281051927223
0.0
0.0012208182710065074
0.0
0.00021277304452538282
5.551115123125783e-16
0.0009420694793706996
0.0
0.020940709852971806
0.0
0.005336317292310211
0.0
0.0021684065822097365
0.0
0.0009964797098004352
0.0
0.000300100704001105
0.0
0.00430017089358814
0.0
0.008486933955408116
0.0
0.0011615897582430978
0.0
0.0003246964643999206
1.1102230246251565e-15
0.000860693177419658
0.0
0.022772172952375103
1.3322676295501878e-15
0.05623517111940557
2.220446049250313e-16
0.00013245577592924107
4.440892098500626e-16
0.0055320527651904206
1.8984813721090177e-14
0.00035217042877622173
0.0
0.015495738794160663
1.175316510781954e-10
0.11364280298842444
3.0673241724343825e-12
0.0030268684161386394
2.5089386124221846e-10
0.0030769612666399215
8.097633674708504e-12
0.000986136440546348
3.1814550993658486e-12
Best parameters : {'logistic__penalty': 'l1', 'logistic__C': 1000.0}
Best cross-validation score : 10.19
In-sample: CAGR=0.0320631 Sharpe ratio=1.25284 maxDD=-0.0697507 maxDDD=546 Calmar ratio=0.459681

Out-of-sample: CAGR=0.0310726 Sharpe ratio=0.959824 maxDD=-0.0414377 maxDDD=218 Calmar ratio=0.749864  phi_k_corr=0.135896 phi_k_p_val=5.69165e-05  accuracy_score=0.547

Ljung-Box test p-value [3.90510367e-26]
